3
5
6
8
11
11
15
15
19
21
22
24
27
28
30
33
35
36
39
39
42
43
45
47
47
51
52
53
55
57
59
60
62
63
65
66
68
69
70
72
74
75
77
78
79
81
82
83
85
87
88
89
90
91
93
94
95
97
99
100
101
102
103
105
106
107
109
109
111
111
111
114
115
116
117
119
119
120
121
123
123
125
126
127
127
130
131
131
132
133
134
135
135
137
137
139
140
141
142
143
143
144
145
147
147
148
149
149
150
151
151
153
153
154
155
156
156
157
158
159
159
160
161
162
163
163
164
165
165
166
167
167
168
169
170
170
171
172
173
173
175
175
175
175
176
177
177
178
179
179
180
180
181
182
182
182
183
183
184
184
184
185
186
187
187
188
188
188
189
190
191
191
191
191
191
193
193
194
194
194
195
195
195
196
197
197
197
198
198
199
199
199
199
200
201
201
200
201
202
203
204
203
204
204
204
205
205
205
205
206
206
207
207
207
207
207
208
209
209
210
210
211
211
211
211
212
212
212
212
213
213
213
213
214
214
214
215
215
215
215
216
216
216
216
217
218
217
217
217
218
218
218
218
218
219
219
219
219
220
218
216
214
212
210
209
207
205
204
202
200
198
196
195
194
192
190
189
188
186
184
183
181
180
178
177
176
173
172
171
169
168
166
165
164
163
162
160
159
157
156
154
153
152
151
149
148
147
146
144
143
143
141
140
139
137
136
136
134
133
132
132
130
129
128
127
125
124
124
122
122
121
120
118
118
117
116
115
114
113
112
111
110
109
108
107
106
106
105
104
103
102
101
100
100
100
99
97
97
96
95
94
93
93
92
91
90
90
90
88
88
87
87
85
85
84
83
83
82
82
80
79
79
79
78
77
77
76
77
75
74
73
73
72
72
72
70
70
70
69
68
67
68
67
66
66
65
64
64
64
63
63
62
62
61
61
61
60
60
60
58
58
58
57
57
56
55
56
55
55
54
53
54
53
52
52
52
51
51
50
50
49
49
49
48
48
47
47
47
47
46
46
45
46
45
45
43
44
44
43
42
42
42
42
42
41
41
41
40
39
39
39
39
38
38
38
37
37
37
37
37
36
36
36
36
35
35
34
34
34
34
33
33
32
32
33
31
32
32
31
32
30